=== FreedomsJournal ===
[ 2 44 56  0 25 12 76  6 74 92]
[0.8620450798485235, 0.6493420918575046, 0.5741570112173973, 0.5643108928462333, 0.5452884689081765, 0.5370796337936019, 0.5324335169508876, 0.5028865738238064, 0.4837890726660561, 0.4473302668225463]
=== FrederickDouglassPaper ===
[80  1 92 30 24  7 65 97 96 69]
[0.5185503110016367, 0.45617424293133135, 0.42991259970385665, 0.3786681904270206, 0.33866750841280036, 0.2980798893739949, 0.2822930223286222, 0.2751907750967493, 0.26444908614017004, 0.2614212190911416]
=== NationalAntiSlaveryStandard ===
[49 32 91 46 16  7  2 62 42 97]
[1.539082788688205, 1.484073888634188, 1.09867693686261, 0.8736104518895464, 0.8694044425964602, 0.5199529351471224, 0.37952027510087394, 0.37228187294044446, 0.3633646280650522, 0.23907925939539254]
=== TheColoredAmerican ===
[92 30 93 31 79 12 29 75  6 78]
[0.9432365419423561, 0.6376100650615579, 0.5505794288353729, 0.507043926694156, 0.4901617463946901, 0.4316491592739493, 0.41314007710576695, 0.3863879979360223, 0.350429594152589, 0.3019633969704789]
=== TheNorthStar ===
[89 46 92 97  1 29 39 71 68 75]
[0.426689579227602, 0.39689925764236333, 0.3920665085047603, 0.36372514783695076, 0.32300179890473, 0.2676787095160056, 0.21293306930924283, 0.21070206397189262, 0.20559341796640185, 0.19845401501465476]
=== TheChristianRecorder ===
[78 52 93 36 30 44 18  3 56 37]
[1.099256941809895, 0.8827202448206877, 0.8195982956014256, 0.5077889947746663, 0.5064726372087738, 0.3858626405133676, 0.32354486394298076, 0.31743221221694506, 0.317394464143145, 0.3091288631323228]
=== TheNationalEra ===
[65 53 68 81 57 15 83 26 62 46]
[0.9938397932533587, 0.8459155394512312, 0.8184017579465854, 0.8177236291820889, 0.6279956349361042, 0.5353592412542636, 0.47300133514912823, 0.4718811608000799, 0.4026548554690905, 0.40101857333754887]
=== ProvincialFreeman ===
[57  8 70 25 43  0 56 26 29 76]
[0.9671170760579422, 0.9001529776968482, 0.7113333982222629, 0.5715440938299006, 0.5175104340450343, 0.4610974341116876, 0.4062975501161574, 0.3526705563511179, 0.3274059369091269, 0.32155905094140635]
=== GodeysLadysBook ===
[13 70 11 22 47 72 36  6 10 23]
[1.906591122058943, 1.2912725357514443, 1.1378617815695211, 1.0449431965105918, 0.9389380924086099, 0.936968296290547, 0.8472463435709399, 0.8299705996611735, 0.8297536371448677, 0.772858658338448]
=== TheLiberator ===
[90 34 59 54 42 14 16 87 82 89]
[0.5800569013763913, 0.5747610571125606, 0.5374724835711061, 0.5301292809662038, 0.35079972004503734, 0.3507489860221523, 0.3318280924942708, 0.29805520513821293, 0.2721469500689714, 0.26991509810418635]
=== WeeklyAdvocate ===
[43 83 39 92 12  6 87 75 29 10]
[1.1744183755825208, 0.9164979940371527, 0.8182278337568301, 0.7668375917602344, 0.7298373256218564, 0.7169722381017101, 0.561815144800863, 0.5468324295753888, 0.498922543373995, 0.42946464015686825]
=== TheLily ===
[24 28 39 27 36  6 10 41 29 11]
[1.8062369152455862, 1.78488093167518, 0.884466573314632, 0.8823370106918746, 0.878963556872419, 0.8415874838207094, 0.7399529791867518, 0.6354828230600145, 0.6014547247157846, 0.5685896150049645]
=== DouglassMonthly ===
[59 34 90 37 26  8 97 92 52 80]
[1.5340500198956804, 1.4153195589464298, 1.3703912075642535, 1.27208946289673, 0.7889660140498203, 0.6640115652620322, 0.5889822039961317, 0.5578157422993177, 0.4232972877837229, 0.3523878297854326]
=== FrankLesliesWeekly ===
[21 33 67 52 38 99 19  0 23 58]
[1.8768137697365237, 1.5636943698603014, 1.4924359052312308, 1.4266536321133616, 1.4195107334855646, 0.8630855650586833, 0.648085809840671, 0.613976811485017, 0.6115613460065701, 0.5997200601656756]
