=== DouglassMonthly ===
[44 92 69 40  9 84 12 93 14 77]
[1.7834017935156625, 1.7519098382553775, 1.637410301966149, 0.8506160810171233, 0.7523375579805363, 0.7501847763912091, 0.6830503501513192, 0.6238138435021359, 0.5451715387068354, 0.4701446857720821]
=== FrankLesliesWeekly ===
[75 21 43  6 30 70  3 93 61 28]
[1.4505875613336787, 1.2257010795282497, 1.1319350002991806, 1.0559963072160503, 0.9394268739597518, 0.8844433853723208, 0.8830091973944727, 0.8390984448674157, 0.8056879160701325, 0.5097432961000363]
=== FrederickDouglassPaper ===
[14  9 12 66 55 90  5 71 51 22]
[0.6727645587099493, 0.5510206073336246, 0.5399387485467173, 0.5000897203207355, 0.47033646750877356, 0.436875755008872, 0.378412244629315, 0.36548712615124046, 0.35606385135764107, 0.33862002371002564]
=== FreedomsJournal ===
[45 39 29 31 27 57 28  0  9 83]
[1.201528227385925, 0.8963305905148662, 0.6422755541966154, 0.609306168811937, 0.607716409054869, 0.5811993224538421, 0.5738805540055889, 0.44855612438255754, 0.42256831838951747, 0.4173315339288477]
=== GodeysLadysBook ===
[11 97 81 17 65 88 29 19 85 46]
[1.6585716455326844, 1.531571516697194, 1.307568397543161, 1.0816879375483737, 1.081684405699753, 0.9530045936717855, 0.907553925479224, 0.7385526998351679, 0.7119141124751982, 0.6967182478532727]
=== NationalAntiSlaveryStandard ===
[40 22 35 32 55 42 20  9 64 45]
[1.7492687152018762, 1.1458047444507278, 1.1379236924016523, 1.027399531195388, 0.7150751289056094, 0.6562689635211578, 0.6178727645825743, 0.5377008599926967, 0.51723032195705, 0.4990763979633943]
=== NationalCitizenandBallotBox ===
[59 35 51 61 20  6 10 79 76 40]
[2.9900065515697642, 1.716167865597619, 0.9827044502121947, 0.872379222464934, 0.6582827563456162, 0.543020083781963, 0.497091884695954, 0.4939296206113193, 0.46369271563412084, 0.44139690191592695]
=== ProvincialFreeman ===
[80 26 38 39 28 81 64 31 27 12]
[1.0062843037947946, 0.9458523310319631, 0.7546693355790905, 0.574814413105619, 0.5295259972430326, 0.45104038831316906, 0.4039885298170196, 0.3458464779947512, 0.34401955512330584, 0.33237725527655027]
=== TheChristianRecorder ===
[36 58 78 91 68  1 49 63 79 48]
[0.9286029183132147, 0.8718733140581814, 0.8481581838770407, 0.5583300432429168, 0.440187716136313, 0.3724516909598645, 0.3634405211211418, 0.3399335718101437, 0.33041943552594, 0.2857733661968098]
=== TheColoredAmerican ===
[12 13 83 54 62 31  5 91 45  1]
[0.8608988404996527, 0.7170586548499918, 0.63107213690395, 0.5360235677012195, 0.4515637080936523, 0.42937400575531726, 0.4117360275215036, 0.3972224527339847, 0.3825087083925549, 0.3525854187688289]
=== TheLiberator ===
[92 32 44 55 22 69  9 86 23 71]
[0.9659438626945647, 0.8196254646834775, 0.7918954734019568, 0.6953631953799151, 0.5562532016665152, 0.5530874944353392, 0.5456378055629709, 0.4479009711141744, 0.4339971331836059, 0.41016502020454104]
=== TheLily ===
[59 33 46 83 16  0 79 85 71 94]
[1.8687300412052572, 1.771008706427649, 1.0590778509535204, 0.9266283818124377, 0.8171075319433534, 0.7953682031721652, 0.7805446411744885, 0.6250245825473311, 0.6215033249509538, 0.6050679075682126]
=== TheNationalEra ===
[66 10 51 26 42 95 80 47 15 37]
[1.3142634148750334, 0.9532334077464553, 0.9287325214401942, 0.7475111150038636, 0.6866185924384096, 0.6798861973773098, 0.6538437177096057, 0.5506471929509056, 0.4443975561068383, 0.42657296416359536]
=== TheNorthStar ===
[26  9 86 12 95 51 23 14 71 90]
[0.7308478734132597, 0.6415363642106131, 0.568813456477983, 0.45512130182747157, 0.41127210054395924, 0.38564757331996624, 0.35888380657585195, 0.3308419717618598, 0.3215160385481086, 0.3081681773906899]
=== TheRevolution ===
[59 48 30 61 85 83  0 94 41 82]
[2.748404041197472, 1.920844096806813, 1.8299733709975126, 1.812028547112642, 0.526898519927192, 0.4751249140662557, 0.45816596288851485, 0.41800946020240737, 0.28262793761017235, 0.23070984916656023]
=== WeeklyAdvocate ===
[83 15 54 16 45 37 56 23 33 12]
[1.0901633487803055, 0.811712678892448, 0.7961905787244685, 0.7508842251047358, 0.6774638368477053, 0.6078072637252765, 0.6040418728562313, 0.5711470073173581, 0.5646328157170739, 0.516642608258489]
